-0.16266,0.33461,0.44574,0.97068,-1.2183,-0.31345,-0.49727,-0.19982,0.68973,0.67926,0.41397,-0.60757,0.46763,1.2373,0.58873,0.55388,-0.44307,0.62444,-1.131,0.12871,-0.43506,0.46275,-0.79821,-0.85336,-0.089097,0.61136,-0.25962,0.41985,-0.5914,0.77118,0.34648,0.34342,-0.90892,0.45648,0.12515,0.65358
0.011265,0.0098379,0.3913,0.39137,-0.77213,-0.29905,-0.85736,0.051093,0.20313,0.82804,-0.42605,-0.87207,0.26596,0.089355,0.041885,-0.13881,0.1591,-0.24279,-0.96168,-0.16488,0.8853,-0.11414,-1.5829,-0.32519,-0.41011,-0.26204,-1.0429,-0.30604,-0.21836,-0.14242,0.07815,-0.30705,-0.25477,0.26377,0.023873,-0.15618
-0.1987,-0.0082995,0.1756,1.094,-0.76536,0.58943,0.49457,0.51357,0.524,0.169,0.66535,0.48583,0.57906,0.272,0.8937,1.1525,-0.28153,0.66403,0.8578,0.60309,-0.11599,0.13398,-0.081607,-0.17016,-0.60807,-0.14728,0.065316,0.02506,-0.99183,0.38632,-0.67089,-0.40803,-0.48116,0.45092,-0.054701,0.3309
0.35287,0.02623,0.15677,0.52872,0.60061,0.26268,-0.088304,0.63976,0.7322,-0.049524,-0.22016,-0.062508,1.2127,-0.061201,0.84206,0.37511,0.45952,-0.071221,0.1415,-0.17557,0.60966,-0.34072,-0.88851,0.095878,-0.36301,-0.090036,-0.36267,-0.23623,-0.11951,-0.31119,-0.91783,-1.0706,-0.046432,0.11346,-0.24311,-0.5495
-0.63742,0.69747,0.32538,1.1063,-1.556,-0.28645,-1.1405,-0.054125,0.073394,1.5518,0.55025,-1.0521,-0.43398,0.87894,0.038697,-0.015848,-0.71914,0.54397,-1.5315,0.30481,-0.42346,0.29695,-1.1708,-0.8611,-0.27227,-0.031576,-1.1735,0.11119,-1.235,0.92102,0.89813,-0.2782,-1.7332,-0.069748,-0.44727,0.12639
-0.20355,0.27126,0.64192,1.537,-1.1139,0.34287,0.042951,0.39098,0.86501,0.47933,0.39598,-0.10213,0.82171,0.80916,1.0267,1.2468,0.017261,0.68422,-0.14568,0.43327,-0.09958,0.21973,-0.75195,-0.49626,-0.6729,-0.083721,-0.37149,0.20884,-1.1196,0.31617,-0.35816,-0.35318,-1.068,0.38708,-0.019664,0.31889
-0.60873,-0.27029,-0.017047,1.2249,-1.5322,0.41356,-0.33546,0.13217,0.18785,1.0614,0.58513,-0.6315,-0.7006,-0.022228,-0.2611,0.39755,-0.26888,0.94129,0.026568,0.64158,0.33292,0.68986,-0.10854,-0.76895,-0.87757,-0.5242,-0.48156,-0.24371,-1.25,0.67034,0.63042,0.061638,-0.81625,0.48299,-0.17994,0.61094
-0.40352,1.0981,0.79818,0.69087,-1.9023,-0.88618,-0.40794,-1.1421,0.36582,0.46325,0.76,-0.71053,-0.32655,2.5636,0.43057,0.34773,-1.1239,0.93497,-2.1524,0.11899,-2.2807,1.1186,0.33017,-1.2948,0.7168,1.5942,0.43564,1.535,-0.37853,1.6193,1.5013,1.6946,-1.5497,0.18465,0.1087,1.1775
-0.084598,0.59627,-0.28714,-0.39109,1.041,-0.036568,-0.27221,0.29523,-0.48379,0.052837,0.056868,0.067175,-0.23079,-0.23479,-0.13937,-0.66245,-0.10067,-0.429,-0.13453,-0.1498,-0.46657,-0.51,0.14358,0.46004,0.39803,-0.11436,-0.32301,-0.10707,-0.0011139,-0.10926,0.010334,-0.91917,-0.50366,-0.89569,-0.60809,-0.93188
-0.41206,0.083057,0.37625,0.75323,-1.7689,-0.029617,0.15749,-0.36965,0.10005,0.37349,0.6339,-0.074821,-0.37715,0.8821,0.18323,0.74113,-0.63743,0.75767,-0.11222,0.56741,-0.69002,0.73222,0.3727,-0.65694,-0.16169,0.31046,0.21493,0.40248,-0.66059,0.80113,0.48769,0.92755,-0.53526,0.61985,0.31401,1.0017
-0.14128,0.0042986,-0.22453,0.1865,0.39858,0.43823,0.31309,0.36779,-0.021142,-0.082564,0.2499,0.36632,-0.0604,-0.34989,0.041934,0.18691,0.047565,0.18689,0.67168,0.23746,-0.041233,-0.10713,0.4238,0.18542,-0.18796,-0.30529,0.11613,-0.12079,-0.37341,-0.017664,-0.22311,-0.44254,-0.18683,-0.28393,-0.25318,-0.15885
-0.42545,-0.099557,0.014502,0.2473,-0.65088,0.12087,0.014208,0.27668,-0.40154,0.55715,0.3366,0.42408,-0.16806,-0.32326,-0.093801,0.45847,-0.24909,-0.13586,0.36554,0.43075,0.27105,-0.47993,-0.67087,0.17677,-0.24907,-0.67169,-0.49143,-0.42774,-0.69968,-0.1708,-0.22311,-0.18533,-0.37065,-0.17951,0.37471,0.1779
-0.013413,0.42364,0.38273,0.010795,-0.51763,-0.83929,-1.592,-0.21846,-0.29744,1.128,-0.57463,-1.4459,-0.39221,0.21519,-0.31121,-1.0614,0.00018872,-0.73096,-1.9549,-0.52093,0.48895,-0.22967,-1.7187,-0.23263,-0.076695,-0.088539,-1.4511,-0.1443,0.04974,-0.15244,0.7171,-0.54054,-0.75301,-0.22896,-0.25025,-0.81218
0.75212,0.066423,-0.52103,0.14764,1.1761,0.26337,0.29496,-0.045749,1.3692,-0.97681,0.072122,-0.58705,0.99646,0.82143,0.58919,-0.37756,0.17494,1.0753,0.0037365,-0.48313,-0.66343,1.3712,1.9052,-0.57723,0.42735,1.7421,1.3137,0.56731,0.87185,1.0429,0.033198,0.088986,0.58471,0.80739,-0.81233,0.21476
-0.18104,0.35231,0.579,1.9014,-1.2578,0.31937,-0.23564,0.067899,1.323,0.58167,0.5341,-0.78725,0.53832,1.3049,0.97631,0.99976,-0.12808,1.3497,-0.74314,0.3586,-0.47497,0.98564,-0.25713,-1.1648,-0.72797,0.38553,-0.13358,0.63383,-1.164,1.0258,0.33599,-0.062242,-1.3527,0.67474,-0.49555,0.51815
0.16455,-0.038123,0.42592,-0.86145,-0.038201,-0.7292,-0.12254,-0.61023,-0.48529,-0.30027,-0.59653,0.10206,-0.13506,0.11975,-0.31596,-0.24314,0.20264,-0.89021,-0.70948,-0.40055,0.012489,-0.47726,-0.57577,0.30316,0.51577,0.029839,-0.020622,0.17324,0.81309,-0.68036,0.18934,0.80338,0.45223,-0.2276,0.78529,0.033425
-0.61054,-0.69879,-0.035205,-0.38689,-1.3341,-0.034057,0.80964,-0.34456,-0.94428,0.093395,0.58983,1.2332,-0.82499,-0.39425,-0.62128,0.9344,-0.55934,-0.083881,1.0082,0.74838,-0.048563,-0.34929,0.12805,0.24593,0.051705,-0.60076,0.42037,-0.22827,-0.355,-0.21047,-0.01345,1.4335,0.42007,0.12647,1.4426,1.3344
-0.10476,0.20879,0.25356,0.14456,-0.20345,-0.27775,-0.79476,-0.10232,-0.14928,0.61352,-0.42325,-0.84172,-0.47831,-0.062033,-0.33242,-0.58684,0.22661,-0.30628,-1.0081,-0.25457,0.38742,-0.074968,-0.76069,-0.16127,-0.28167,-0.35201,-0.79004,-0.00010909,-0.15813,-0.20646,0.59643,-0.3,-0.57213,-0.35709,-0.30375,-0.52982
0.2615,-0.56016,0.289,0.19169,-1.0913,-0.27425,-0.032947,-0.3813,0.50591,0.0057142,-0.10305,-0.28514,0.52356,0.44893,0.25287,0.41271,-0.080751,0.26064,-0.21818,-0.084694,0.46899,0.51055,-0.4172,-0.4904,-0.14244,0.51844,0.20671,0.04909,0.3526,0.21841,-0.081457,0.89585,0.6729,1.0983,0.71778,0.88455
0.16215,-0.45475,-0.22587,-0.83649,0.61931,0.03402,0.77562,0.16019,-0.40609,-0.65141,0.0040137,1.275,0.47347,-0.6296,0.081908,0.40415,-0.015729,-0.60149,1.119,0.028801,0.25411,-0.81582,-0.085391,0.78335,0.33358,-0.19094,0.45755,-0.3179,0.49462,-0.66975,-0.97905,0.17078,0.97408,-0.12158,0.81133,0.16423
-0.27342,0.41839,0.17462,0.17804,-0.50165,-0.26811,-0.23108,-0.33721,-0.12007,0.28765,0.24067,-0.27856,-0.47594,0.62175,-0.11836,-0.08732,-0.3262,0.19945,-0.73204,0.06929,-0.72094,0.27802,0.16819,-0.32632,0.18697,0.27274,0.0042855,0.42859,-0.25787,0.42273,0.69027,0.43173,-0.71119,-0.21997,-0.082804,0.20931
1.0907,-0.030162,-0.37499,-1.1441,2.0647,-0.20928,-0.037587,-0.14664,0.49675,-1.2251,-0.94259,-0.45321,0.81892,-0.14456,0.15307,-1.2933,0.57784,-0.41789,-0.16815,-1.1153,0.17772,0.28115,0.86443,0.28032,0.63495,1.0675,0.68296,0.20217,1.8168,-0.17264,-0.29621,-0.32858,1.4051,0.18598,-0.67077,-0.91914
-0.28404,-0.43021,-0.34319,-0.74621,-0.1536,0.094329,0.56223,-0.59977,-0.76104,-0.38489,0.013919,0.32222,-1.4341,-0.50564,-1.1624,-0.3876,-0.0404,0.097911,0.55584,0.20195,-0.25019,0.43087,1.6118,0.079063,0.13644,-0.17961,0.81726,0.18541,0.29797,0.00094298,0.90568,1.2666,0.55329,-0.20395,0.27574,0.61882
-0.082031,0.29646,-0.20954,0.81344,0.464,0.73332,0.0057656,0.65728,0.3969,0.10859,0.14742,-0.31179,-0.019295,-0.25613,0.21889,-0.028987,0.33061,0.52309,0.50747,0.2372,0.0458,0.34254,0.69435,0.0072039,-0.55413,-0.30118,-0.20365,-0.14756,-0.69161,0.19389,-0.0836,-1.1981,-0.62782,-0.11698,-1.0335,-0.60868
-0.4814,0.019899,0.60495,0.43981,-1.8392,-0.43312,-0.56071,-0.33033,-0.39118,0.98155,0.12351,-0.33357,-0.50863,0.3343,-0.16573,0.41392,-0.42526,-0.13726,-0.77251,0.38013,0.1873,-0.13136,-1.3832,-0.38333,-0.30433,-0.48286,-0.87637,-0.093979,-0.65847,0.054905,0.41183,0.51635,-0.58995,0.24758,0.60492,0.47545
-0.082829,0.15164,-0.4992,-0.47357,1.7009,0.30276,0.72371,0.75728,-0.26458,-0.49541,0.47783,1.6168,0.84179,-0.53811,0.32113,0.67702,0.060419,-0.46321,1.021,0.19975,-0.36921,-1.4113,-0.27112,0.95976,0.62477,-0.39743,0.19711,-0.42399,-0.1352,-0.67138,-1.2335,-0.84346,-0.094836,-1.0341,0.40862,-0.24723
-0.13085,0.73219,0.053283,-0.62169,0.39391,-0.47288,0.45921,-0.50137,-0.23994,-0.554,0.44855,0.75413,0.037338,1.0861,0.12077,0.13303,-0.55955,-0.057095,-0.55662,-0.067941,-1.7597,-0.1417,0.78884,0.11012,1.1499,0.95692,0.89065,0.88152,0.3133,0.38273,0.34979,0.95782,-0.46377,-0.75823,0.33261,0.47302
-0.31922,0.4457,0.01698,1.4789,-0.44729,0.38138,-0.70233,0.60836,0.73912,1.0295,0.50354,-0.81805,0.29508,0.41444,0.5068,0.25907,-0.12963,0.78882,-0.55996,0.26991,0.011962,0.32864,-0.64729,-0.59918,-0.63544,-0.14286,-0.86247,-0.11062,-1.2674,0.69195,0.13243,-1.1714,-1.4643,0.04963,-0.84738,-0.27972
-0.13315,0.72471,-0.25055,0.20603,0.75021,-0.15963,-0.66583,0.23193,0.10207,0.45904,0.35691,-0.42006,0.058564,0.40545,0.11911,-0.47886,-0.26912,0.12131,-0.90441,-0.17711,-0.70076,-0.2032,-0.26724,-0.14828,0.35627,0.28711,-0.41905,0.14176,-0.31879,0.43384,0.2956,-0.87241,-1.0991,-0.706,-0.69793,-0.59372
0.48204,-0.16056,0.26638,-1.3969,0.6964,-0.72729,0.58863,-0.5465,-0.34886,-1.0755,-0.47897,1.0935,0.79556,0.23864,0.14362,0.20041,0.10433,-1.0598,-0.068367,-0.51649,-0.28349,-0.8354,-0.3452,0.70639,1.0633,0.52749,0.70601,0.23799,1.3857,-0.83754,-0.63253,1.0609,1.1491,-0.19466,1.2808,0.30831
0.24305,0.038549,0.1353,-0.42306,0.22067,-0.17614,0.55615,-0.28971,0.15162,-0.69732,-0.021387,0.57699,0.50139,0.46727,0.31056,0.34416,-0.072186,-0.050928,0.11521,-0.13503,-0.50656,-0.0049231,0.36775,0.107,0.48116,0.58091,0.74769,0.4277,0.52968,-0.0066577,-0.25611,0.70786,0.48966,0.082962,0.41673,0.42506
1.1615,0.38785,0.21004,0.42424,0.41357,-0.63458,-1.065,-0.42978,1.8488,-0.32735,-0.67282,-2.0649,1.5295,1.6364,0.95792,-0.88567,0.32281,0.69143,-1.9698,-1.1062,-0.13331,1.4726,0.076648,-1.1104,0.3986,2.2057,0.25164,0.67701,1.2848,1.0171,0.31147,-0.11882,0.38504,1.3559,-0.82914,-0.15789
0.088815,-0.21585,0.12578,-0.52257,-0.25299,-0.31458,-0.7376,-0.168,-0.62484,0.41191,-0.81072,-0.77971,-0.67564,-0.74255,-0.72515,-0.97833,0.29657,-0.78343,-0.44058,-0.33641,1.0342,-0.14168,-0.6666,0.20054,-0.26727,-0.58416,-0.89033,-0.49692,0.43406,-0.55438,0.34429,-0.23058,0.44804,0.044751,-0.10627,-0.68056
-0.10825,-0.22063,-0.50257,-0.53505,0.73845,0.17365,0.1327,0.2767,-0.55492,-0.054384,-0.036133,0.3879,-0.33069,-0.88226,-0.58997,-0.29523,0.19257,-0.36093,0.62032,0.083444,0.35869,-0.47268,0.23418,0.52327,0.14701,-0.50411,-0.085707,-0.58693,0.11167,-0.47686,-0.17192,-0.33114,0.31038,-0.43146,0.11067,-0.2055
-0.30881,0.50519,0.85317,1.5694,-1.7225,0.017024,-0.17642,-0.11739,0.82868,0.57042,0.391,-0.58041,0.31133,1.4374,0.7995,1.0083,-0.16387,0.8617,-0.83567,0.40434,-0.60935,0.77628,-0.27625,-0.86802,-0.4838,0.37323,-0.16925,0.64043,-1.0461,0.7217,0.43046,0.35447,-1.3148,0.46283,-0.017862,0.67034
-0.37128,0.083392,-0.23084,-0.043146,0.14274,0.1669,-0.55271,0.16279,-0.67648,0.63808,-0.24222,-0.53413,-1.1418,-0.85463,-0.91587,-0.81029,0.2476,-0.26532,-0.15584,0.073611,0.48407,-0.15426,-0.023045,0.18567,-0.3634,-0.93146,-0.82074,-0.47217,-0.39635,-0.30514,0.64087,-0.65466,-0.49236,-0.61751,-0.58118,-0.6945
-0.15935,-0.16437,-0.050073,-0.19943,-0.20737,0.20656,0.48615,-0.065719,-0.36907,-0.21284,0.11696,0.47775,-0.43473,-0.29354,-0.2401,0.1671,-0.090442,0.020434,0.63725,0.23499,-0.1395,0.01801,0.59347,0.2082,-0.042263,-0.29143,0.29127,0.0011002,-0.067203,-0.062054,0.016422,0.34193,0.19654,-0.038886,0.1444,0.16464
-0.12945,-0.64024,-0.64032,-0.97097,0.11153,0.10028,-0.054782,-0.37543,-1.0811,-0.0072809,-0.35021,-0.26344,-1.7556,-1.3415,-1.5014,-1.1695,0.038736,-0.21185,0.65849,0.019074,0.62029,0.28964,1.1177,0.22564,-0.089677,-0.67821,0.045475,-0.53049,0.51232,-0.19674,0.78362,0.36545,0.99444,0.052642,-0.22891,-0.16792
-0.48155,0.35228,-0.85597,-0.45455,0.32941,-0.037168,-0.37986,-0.16477,-0.71114,0.49006,0.61783,-0.30678,-1.277,-0.17056,-1.0356,-0.96419,-0.69812,0.40521,-0.27212,0.19971,-0.83671,0.31761,1.0648,-0.24388,0.56918,0.18157,0.012083,-0.12841,-0.18422,0.84232,1.0444,0.040475,-0.49704,-0.54733,-0.63068,0.056915
0.45107,0.097228,0.76457,-0.86477,-0.17729,-0.86256,-0.15244,-0.48684,-0.35272,-0.45399,-0.85868,0.094774,0.46719,0.3314,0.25755,-0.19486,0.19497,-1.2585,-0.67759,-0.55756,0.18967,-0.56421,-0.95953,0.50995,0.44689,0.28613,-0.1585,0.21896,1.051,-0.8419,-0.34418,0.51936,0.68326,0.023654,0.81383,-0.31654
0.027139,-0.3574,-0.030903,1.5314,-0.49279,0.77336,0.23933,0.58868,1.2748,0.22594,0.56214,-0.17105,0.89915,0.22351,0.90972,1.0993,0.10766,1.2282,0.64459,0.43563,0.38488,0.62289,-0.10553,-0.7047,-0.88693,0.011491,0.11361,-0.069065,-0.92768,0.61073,-0.54889,-0.52421,-0.30981,0.91854,-0.29803,0.50176
-0.19165,-1.003,-0.12418,-0.096189,-0.89665,0.34474,0.61016,-0.1728,-0.38606,-0.09962,0.094962,0.51517,-0.71635,-0.86965,-0.52101,0.49596,-0.012302,0.18805,1.2662,0.47256,0.76634,0.14827,0.36472,0.040298,-0.55567,-0.7437,0.34266,-0.3635,-0.12528,-0.23664,-0.079779,0.78096,0.95567,0.6542,0.66272,0.77402
-0.21888,-0.18327,0.37198,0.69409,-1.169,0.031406,0.42024,-0.094908,0.43617,0.13925,0.62779,0.53121,0.52473,0.68858,0.62184,1.3348,-0.42792,0.56438,0.15281,0.49179,-0.32198,0.062256,-0.50687,-0.43908,-0.16119,0.1539,0.28243,0.27634,-0.59794,0.38221,-0.31206,0.71277,-0.26323,0.51711,0.77223,1.0788
-0.034329,0.32789,0.090456,0.85366,-0.36332,0.087867,-0.48837,-0.069532,0.6777,0.33854,0.059215,-1.089,-0.17195,0.6275,0.087205,-0.23026,0.15086,0.7717,-0.77635,-0.039491,-0.23567,0.93299,0.4933,-0.72072,-0.29813,0.43943,-0.041132,0.3725,-0.37431,0.67788,0.75563,-0.1193,-0.72179,0.25946,-0.69665,0.079262
