1.2133,-0.78235,-1.0384,-1.8661,3.3152,0.58528,1.5763,1.9066,0.48578,-1.0779,0.32949,0.29883,-1.3122,-4.3755,0.14928,-0.18154,-1.1852,-1.6402,1.8979,0.36155,2.2728,-1.8953,0.51395,0.88649,-0.33989,-2.7202,-0.73176,0.59842,1.841,-1.3209,-2.3844,-0.57439,2.9086,-0.57037,0.65559,-1.3851
1.0622,1.2802,1.4659,1.2317,0.4957,-1.2133,0.1206,0.070559,0.3232,-0.83707,0.38958,-0.13621,0.83387,1.4344,0.23054,-1.5039,0.16332,0.052247,-2.0883,-1.4653,-0.65275,0.47698,0.73506,0.41946,1.3712,1.41,1.3214,0.00056997,1.6863,-0.43224,0.4091,0.30022,0.32416,-1.8519,0.19349,0.31825
-0.44947,-2.1142,0.25416,0.64892,-2.395,-1.5998,1.0654,-1.3265,-1.3081,-0.68608,1.2679,1.6648,1.9273,1.3392,2.0459,2.6601,0.22284,2.1956,1.873,0.73749,-0.50757,1.5055,0.78348,1.1539,-1.8942,0.40433,2.0118,0.68673,-0.7611,0.23448,0.43315,1.7174,-0.39694,1.9524,2.4297,2.4396
-1.3424,0.052641,-1.83,-0.07803,-1.488,1.0966,-0.89293,-1.152,0.56128,1.9649,0.43702,-0.68384,-0.89642,0.9646,-1.1497,0.601,1.8905,2.9104,0.23177,0.99477,0.30126,2.279,1.8316,-0.69294,-0.1059,1.4229,-1.0736,-0.062634,-2.7897,1.9805,2.8464,-0.76369,-0.9583,1.3466,-0.66169,0.59334
0.46257,0.4248,-0.64701,0.040699,-0.61376,2.0474,0.32247,1.1064,0.9063,1.5454,2.1717,0.96839,0.096159,-1.3415,0.3332,1.8448,-0.88122,0.9649,2.5441,1.2418,1.6502,0.012467,-1.3151,-0.85615,-1.2117,-1.237,-1.7217,-1.0978,-2.4189,1.5197,-0.11674,-1.2995,0.19192,1.6663,-0.44931,-0.1483
-0.10483,-1.0344,0.093499,-0.077357,-0.2531,-1.4643,0.55591,-0.72229,-0.92773,-0.99437,-0.26073,0.65575,0.62816,0.44124,0.68222,0.56391,-0.10846,0.46469,0.16163,-0.099135,-1.1662,0.38299,1.2477,0.8996,-0.25899,0.28671,1.3625,0.73489,0.7925,-0.51552,-0.22779,0.99195,-0.12619,0.19843,1.4808,0.94141
-0.83793,0.53375,0.78493,0.58322,-1.4509,0.34304,-1.4711,-0.4963,-0.47892,0.63552,-1.3777,-0.34611,0.024157,1.3046,-0.56073,-0.32389,-0.74491,-1.5326,-0.95998,-0.39421,-1.5853,-0.75063,-2.4887,-1.2127,0.18645,0.4008,-0.23617,-0.68736,-0.83985,0.049491,-0.38584,-0.34388,-2.0526,0.31067,-1.0861,-0.51919
-1.1989,1.3294,0.53215,0.89881,-1.7457,1.6665,-2.1977,-0.15038,0.45732,2.0469,-1.5312,-1.1477,-0.19303,1.6337,-1.0959,-0.49121,0.41554,-1.2251,-1.5676,0.10942,-0.24821,-0.54035,-3.4449,-2.0939,0.17507,0.60228,-1.7204,-1.4604,-1.9505,0.96804,0.69669,-0.67392,-2.1181,0.34413,-2.6309,-0.8728
0.070066,1.3651,0.81182,0.81284,-0.229,-0.13195,-0.88677,-0.29159,0.27822,0.21817,-0.3027,-0.5719,0.045446,1.4971,-0.7155,-1.2649,0.01031,-0.22925,-1.7518,-0.93703,-1.1903,0.2852,-0.21271,-0.63696,1.2189,1.2445,0.11825,-0.41614,0.12769,0.21393,0.65939,-0.40476,-0.97516,-1.0142,-0.86956,-0.28526
2.4543,2.9461,2.5151,2.1742,-0.42099,-0.33711,0.57633,0.84125,0.6095,-0.38365,3.6756,1.6606,1.8869,1.7709,0.61053,-0.31282,-2.3719,1.0654,-0.098565,-1.6137,-1.8345,0.64955,-0.21277,-0.48951,1.5581,1.1998,1.0737,-1.4006,-0.028509,0.83338,-0.13276,-1.3595,-0.78189,-1.0918,0.34636,0.46993
-1.287,-1.4946,-1.8217,-2.1971,1.9537,-0.17141,-0.34589,-0.41571,-0.40214,-0.48601,-3.0734,-1.8306,-2.071,-1.6002,-1.3532,-1.4852,1.568,-1.3241,-1.0069,0.32883,0.57396,-0.83426,1.3961,0.60629,0.42288,-0.61616,-0.60833,1.35,1.4958,-1.203,-0.07316,0.71733,1.0057,-0.78789,-0.46645,-1.0123
