-1.54,-0.18786,-3.3718,-1.5845,1.2148,-0.074157,-1.034,-0.84729,0.49617,0.45258,-0.14688,0.31815,-0.67327,-0.9126,-1.1327,0.89834,-0.91326,-0.11644,0.92365,0.4302,-1.0457,0.17562,0.91708,1.1377,-0.26916,0.094069,-0.2146,1.4975,-0.035528,0.057376,1.0454,0.88866,-0.26643,-0.14578,1.4401,0.81877
-0.47389,-1.4149,0.73712,-0.82596,1.3831,-1.1273,0.96053,-0.94487,0.10516,0.21904,0.1165,1.0761,1.1284,-0.38465,1.1915,1.8319,0.3859,-1.1336,0.091669,0.78208,-0.80801,-0.31409,0.96562,1.4477,0.27486,-0.69228,0.69508,0.33616,1.7421,-1.141,0.6722,1.9607,0.18289,-0.36598,1.8251,0.31959
-1.9226,-0.43178,-1.6895,-0.88987,2.4412,-0.52611,1.4385,1.4346,-0.24808,-0.47385,0.2348,1.9936,-0.53725,-1.8045,-0.72304,0.37992,-0.049488,-1.5058,1.5463,1.3446,-1.1708,-1.0635,2.1307,1.4005,1.1908,-0.86152,-0.4411,0.12128,-0.06758,-1.2481,0.3522,-0.1844,-1.0165,-0.88804,0.95245,-0.27452
0.60375,0.70425,2.4843,1.7609,1.3739,0.76381,2.5298,4.2042,-1.0218,-1.7242,-0.10565,0.72189,-0.76722,-0.96613,-0.44752,-3.2728,1.4795,-1.8858,-0.33024,0.022213,1.3884,-1.5992,0.54903,-0.52892,1.76,-0.61652,-1.0566,-2.4226,-0.22311,-1.5425,-1.8135,-2.7219,-0.5811,-1.2677,-2.5939,-2.447
0.387,1.8047,1.7468,1.8215,-3.9422,0.38294,0.35721,0.14457,-0.31424,-0.41045,0.66419,0.20545,-0.84512,1.7041,-0.51982,-0.86901,0.78205,2.0818,-0.4697,-0.17232,-0.32112,0.99261,-0.42001,-2.0061,0.19461,-0.46008,0.056971,-1.2292,-3.1489,1.717,0.59897,-1.8819,-2.097,0.80863,-2.9253,-0.19195
0.60229,1.4399,-1.272,-0.54401,-1.4373,1.6312,-2.6307,-0.94158,0.19036,0.40412,-1.9977,-2.5893,-0.81469,0.43626,-1.7539,-2.4069,-0.19793,0.18045,-2.5614,-1.9179,0.84752,0.62797,-1.8234,-0.48365,-0.70526,0.27472,-0.72184,-0.2272,0.48325,0.32105,-0.13317,-0.035275,0.76289,-0.65389,-1.3474,-0.57714
-0.6006,0.97125,-1.7717,-2.2495,-2.4615,0.53196,-1.9649,-1.3613,-1.0353,0.24746,-2.1193,-0.45609,-0.3035,-0.53533,-1.5751,-1.0651,-1.2882,-0.642,-0.63751,-0.81399,0.52495,0.020386,-2.6234,0.99559,-1.0065,-1.291,-0.12635,-0.57773,0.14356,-0.44889,0.65498,0.96344,1.0972,-1.3306,-0.98585,-0.23227
-1.8478,-0.086569,-0.64638,1.5868,-0.87703,-0.95394,0.57814,-1.1683,1.7537,0.60596,2.8094,1.5324,-0.57711,1.9719,0.18785,3.3304,0.998,2.8479,1.7513,1.91,-2.359,1.9294,3.642,-0.80238,-0.74507,1.0279,0.33375,2.2639,-3.3398,2.4797,2.2231,0.09049,-3.3483,2.4647,1.17,2.4781
2.4569,-0.95692,2.3174,1.7635,2.7607,0.44446,1.4853,0.62848,0.61675,0.071123,0.7164,-1.7696,1.0611,-0.0091309,1.2998,-1.0589,0.28201,0.23179,-1.5715,-1.0413,-1.0544,-0.029804,0.94976,-1.9943,3.556,0.97238,-0.18935,-0.32789,2.4432,0.52104,-1.828,-1.0888,-0.070442,0.6205,0.76007,-1.394
2.0558,-0.89249,2.8931,1.6413,0.79251,-0.53265,1.7909,1.0958,-0.1687,-0.37722,1.5892,0.0358,1.0136,0.47699,2.1767,0.46865,0.2052,0.75111,0.8797,0.1569,0.59954,-0.41267,-0.33515,-1.4341,1.0008,0.73484,0.71474,-0.51507,0.1239,0.42212,-1.313,-1.0366,0.38371,1.1177,-0.039373,-0.26001
