-0.28655,0.89948,-0.71476,1.2951,-2.4115,0.77022,-0.19677,0.012427,0.25525,0.90583,0.62812,-0.9276,-0.0053647,2.2265,-0.07871,0.52064,-0.22512,2.3598,-0.41298,0.84653,-1.0227,1.0522,0.59224,-0.88726,-0.7681,0.93405,1.1307,0.88785,-1.7503,0.82033,0.65746,-0.047315,-2.0689,0.045338,-0.10703,1.0939
-0.23721,-0.52206,-0.040275,0.10343,0.61104,-0.077366,0.497,1.8402,-1.7166,-0.79757,-0.55191,1.4893,-1.4399,-2.7684,-0.87993,-0.65591,0.1411,-2.1943,-0.65207,-0.5603,-1.0074,-1.651,0.65052,1.582,0.5518,-1.7926,-2.4851,-1.9884,-0.55134,-1.3555,-0.35863,-0.0092307,-1.1205,-1.4007,-0.59201,-0.37662
1.2653,-0.17609,-0.17952,-0.18419,0.43442,-0.23538,-0.34823,-0.12137,1.052,0.61216,-0.60756,-0.56724,1.1151,0.40894,1.0581,-0.35785,0.18696,-0.21377,0.14985,-0.98639,1.893,0.16122,-2.2107,-2.0189,0.33744,1.1526,0.29674,0.030195,1.7979,0.2795,-1.5609,-0.69094,1.9011,0.48183,0.37347,-0.92768
-0.66093,-0.0064218,0.31465,0.072147,-1.4009,0.73729,-0.80542,-1.4668,0.21558,0.054464,0.70286,-1.5984,-0.22047,0.62223,-0.13045,0.65429,0.016728,1.6414,1.3661,0.94255,1.1707,1.5521,0.0018496,0.38893,-2.09,-0.34504,0.61843,0.83694,-0.68797,0.31631,1.6233,0.58013,0.94038,1.6148,0.66746,0.83733
0.55736,-0.23668,-0.15192,0.93452,-2.0372,0.96891,-0.82305,-0.057237,-0.03869,0.62598,-0.54824,-1.8008,-0.59437,-0.011093,0.22416,-0.081927,0.5867,0.69973,0.35216,-0.36211,2.2075,0.87601,-1.9006,-1.077,-2.0165,-0.29162,-0.74511,-0.29295,-0.23645,-0.33826,0.15454,0.15022,0.79912,1.0467,0.37203,0.0011786
0.77286,-0.40469,0.12453,-1.0207,2.2825,-0.75195,-0.060308,-0.17391,0.59169,-0.28615,-0.27753,0.60236,0.76934,-1.0843,0.69648,-0.55182,-0.24434,-1.1513,0.6812,-0.62645,0.94995,-0.44803,-0.85822,-0.48383,0.72835,0.67033,0.648,0.33645,1.986,0.11137,-0.99005,-0.76311,1.8836,-0.062929,-0.12161,-1.3994
0.5184,-0.45681,0.12488,1.1601,0.41095,-0.55702,0.37609,1.5774,-1.5776,0.28252,-2.0342,0.74652,-2.357,-0.33015,-0.38329,-0.93765,0.36206,-2.0126,-3.8515,-1.4437,-1.568,-2.9783,-0.93638,0.1992,1.1901,-0.21213,-1.4108,-0.15863,-0.3798,-1.7097,-0.23532,0.74388,-3.3038,-2.5157,-1.1672,-0.0020209
1.503,1.5359,-2.4306,1.2285,-0.28468,0.34202,0.46356,3.0793,0.36437,0.77797,0.34015,1.1941,0.75332,-0.47354,0.36164,-1.045,-0.48963,0.82986,0.14841,-0.085655,-1.8412,0.12502,0.99711,-2.5255,1.0784,2.1759,1.2778,-0.30703,-0.5252,1.234,-2.302,-3.1016,-2.4533,-2.1752,-1.8714,-1.7724
-0.051152,0.039064,-0.28366,-0.10611,0.77356,-0.027449,0.025288,0.39064,-0.38171,-0.11411,-0.40402,0.037654,-0.73063,-0.49961,-0.52277,-0.27953,0.30623,-0.46128,-0.95663,-0.2849,-0.83297,-0.72703,0.46217,0.3792,1.0284,-0.17679,-0.5599,-0.48481,-0.0052312,-0.49022,-0.010339,-0.046706,-0.77282,-0.77416,-0.21393,0.096059
0.60677,0.3765,-0.14254,0.1125,-0.93647,0.4083,0.094211,-0.067905,0.99726,0.21139,0.41697,-0.34582,1.475,0.30819,0.6806,0.059543,0.20675,0.76612,1.6532,0.095937,1.473,1.5887,-0.32119,-1.2887,-0.92214,0.41993,0.58334,-0.087876,0.36775,0.83197,-0.70056,-0.60765,1.4526,0.99154,0.13505,-0.7752
-0.67212,0.66504,0.036139,-0.070707,-0.9994,0.15685,0.51735,-0.74749,0.88251,-0.0073242,1.5559,0.37364,1.6198,1.4804,0.27229,0.90053,-0.58744,1.7705,1.541,1.2494,-0.66739,1.649,1.5143,-0.072745,-0.53443,0.41494,1.7103,0.94126,-0.87675,1.3705,0.37421,-0.081652,0.074549,0.86733,0.27217,0.49184
-0.045524,-0.22638,1.9363,1.0135,-2.0196,-0.43362,2.213,0.77697,-0.24842,-0.59363,-0.044,2.5775,1.29,0.28955,0.79447,0.22983,0.063616,-1.3489,0.32988,-0.34396,-0.055257,0.11515,0.62154,0.33837,-1.2587,-1.4489,-0.51917,-0.11531,-0.94128,-0.17596,-0.51907,1.3723,-0.86397,-0.31189,-0.52111,-0.75078
-0.89554,-0.16625,0.80211,0.018422,-0.64476,-0.25697,1.4701,1.0869,-0.82891,-1.0459,0.89299,2.5841,0.62671,-1.2936,-0.26603,0.31467,-0.51458,-1.1962,1.0945,0.47202,-1.2403,-0.18264,1.8815,1.7026,-0.27431,-1.7576,-1.1411,-1.1927,-1.1878,-0.071925,-0.23201,0.36564,-0.63716,-0.40408,-0.1987,-0.1328
-0.33466,0.26966,-1.3182,-1.0405,1.9808,0.32854,-0.28413,1.3221,-0.78712,-0.97716,0.68546,0.63335,-0.68739,-3.346,-1.2251,-0.59417,-0.055339,-0.72776,1.4577,0.53843,-0.98588,-0.13478,2.0974,1.4699,0.91906,-0.83814,-1.0578,-1.8524,-0.056128,-0.16433,-0.1478,-1.6175,0.32443,-0.6578,-0.52613,-0.7401
0.37308,-0.6549,-0.0062478,-0.30635,0.73941,0.0084341,-0.51752,0.28418,-0.59076,-0.11526,-0.99361,-0.5296,-0.94371,-1.3834,-0.26937,-0.53735,0.5085,-1.3234,-0.57128,-0.81408,1.096,-0.89818,-1.3123,0.28552,0.17785,-0.6756,-1.7159,-1.179,0.82565,-0.96716,-0.29642,0.14834,0.89572,-0.051807,0.15435,-0.22451
0.079115,0.078013,-1.4902,0.65393,-0.82306,1.1046,-2.0996,-0.1872,-0.54979,0.94586,-0.43881,-2.9689,-2.2889,-0.00028056,-0.7672,-0.16855,0.22357,1.6384,-0.79163,0.18332,0.66056,0.080651,-1.3747,-0.50412,-0.96475,0.60316,-0.28626,0.1599,-0.61239,-0.39075,1.1276,-0.52933,-0.55544,0.3445,0.24185,1.0617
-0.39392,-0.47011,0.46213,0.76551,-1.323,0.066397,-0.66428,-0.71867,-0.56561,0.61821,-0.57903,-1.1071,-1.2617,1.4252,-0.075954,0.39618,-0.052229,0.39064,-1.6031,-0.13408,0.23,-0.60588,-1.4425,0.17113,-0.79709,-0.068244,-0.38845,0.67134,-0.67181,-0.61612,1.0315,1.243,-0.92182,0.27394,0.56859,1.3885
0.25328,-0.1873,0.51156,0.79701,-1.3215,-0.012404,-0.4637,-1.1448,0.40716,1.0232,-0.87094,-1.5015,-0.31567,2.7187,0.54726,0.3361,0.27921,0.85841,-1.93,-0.48864,0.71591,-0.17094,-1.9957,-1.1468,-0.40813,0.86798,0.51247,1.3198,0.028199,-0.15648,0.48039,1.2249,-0.5339,0.43909,0.517,1.0839
