1.0613,-0.72116,0.48929,0.23272,1.3028,-0.73328,0.058055,-0.34325,-0.55113,-0.51862,-0.5331,-0.01154,-0.2152,-0.97874,0.26926,-0.91079,0.85371,-2.0256,-0.41576,-1.0106,1.1799,-0.25767,0.068463,0.17174,0.046382,-0.19435,0.96318,0.82987,1.6735,-1.3979,-0.62151,1.2534,1.735,-1.157,-0.22342,-0.52139
1.628,0.46282,-0.23289,0.77992,-0.053167,-0.34706,-0.47373,1.4086,0.57521,0.86489,-0.36706,-2.2482,-1.5002,-0.16351,-0.63946,-2.1796,0.27679,-1.5709,-0.52966,-0.73967,0.8003,0.62013,-1.9161,-1.4282,-0.57142,0.0092631,-0.4443,-0.56019,0.36744,0.15538,0.23443,-1.6929,-1.008,-0.18159,-2.2916,-1.411
0.56507,-0.28825,-0.025068,-0.098879,-0.022742,-0.08896,-0.62038,-1.3346,-0.007527,-0.033285,-0.63814,-0.97143,0.015522,0.48129,0.55959,0.37516,0.61827,0.49117,0.14351,-0.20239,0.21652,0.44656,0.094815,-0.19227,0.16803,0.80102,0.75456,0.91762,0.73992,0.10706,0.13713,0.63089,1.0162,0.21351,0.45935,0.18085
0.052801,-0.7869,1.1878,0.31981,-0.29122,-0.0063837,-0.37591,-0.55036,-0.40869,-0.0082082,-1.1287,-0.96699,-1.049,0.12884,-0.28753,-0.11092,0.13516,-1.236,-0.63014,-0.23688,-0.17773,-0.436,-1.0149,-0.22297,-0.037787,0.18104,-0.28971,-0.37593,0.41797,-0.75387,0.24572,1.699,-0.13448,-0.46336,0.092092,0.67752
-1.1185,-1.1467,0.92232,0.51552,-1.1596,0.048621,-0.15786,-0.31738,-0.22654,0.12841,-0.57236,0.32411,-0.40357,0.23372,-0.23743,0.70555,-0.52291,-0.50839,-0.69195,0.017745,-0.67019,-0.49666,-0.37483,0.41414,-0.017587,0.087364,-0.72867,-0.58568,-0.3017,-0.5822,0.053498,1.3028,-0.61938,0.064302,1.0576,1.061
-0.86772,0.14732,-1.1229,-0.1036,-0.080844,-0.23956,0.51149,-1.8365,0.25212,0.10895,1.4871,2.6652,3.6839,1.1761,2.1049,3.018,-0.49298,3.1323,1.4088,0.14145,-0.49627,0.53794,3.0197,1.3611,0.48237,0.88485,2.0045,2.5738,-0.34997,1.432,-1.5784,-0.41904,2.1394,1.0922,2.334,0.58269
-0.3221,-0.62987,0.56093,0.22005,1.1919,-0.3958,0.68319,0.33537,-0.48395,-1.0716,-0.13817,1.3144,-0.23421,-0.87143,-0.1576,-0.80689,0.88672,-1.7678,-1.3387,-0.61519,0.52327,-0.58183,1.7182,1.0341,0.015611,-0.93748,0.57679,0.33655,0.65001,-1.9716,-0.33293,1.4309,0.31466,-1.3104,-0.11629,-0.41721
0.27821,0.86343,0.26044,-0.57383,-1.7688,1.0581,-1.3322,-1.975,0.4616,0.82247,-1.3995,-3.1956,-0.46351,3.0023,0.48666,1.8493,0.49953,2.7777,0.38347,1.1087,-0.9502,0.5916,-1.2433,-1.2349,-0.070873,1.6535,-0.32885,-0.19037,-1.1419,1.743,1.4113,0.85774,-0.95991,1.5566,0.35944,1.6507
1.3149,0.7543,0.47716,1.3327,-1.9871,0.10229,-1.0996,-1.1032,0.97841,2.325,-1.1523,-3.5752,0.11572,3.393,0.94231,1.1817,-0.026326,1.1384,-0.23967,-0.33992,-0.59933,0.92728,-2.0746,-1.7855,-0.54836,1.8045,0.3012,0.61642,-0.82605,2.0267,-0.2301,-0.28225,-1.0823,1.2799,-0.95972,0.71542
2.1945,1.7375,0.40782,2.1109,-0.90611,-0.51384,0.14778,1.1088,1.1426,3.2454,0.27458,-2.3318,1.3214,2.6804,0.93941,0.074129,-0.95588,-0.62991,0.018964,-1.0657,0.071438,0.47731,-2.7387,-1.9701,-0.99972,0.74587,0.41236,0.46106,-1.0813,2.3506,-1.9248,-1.9648,-1.3131,0.52457,-2.8493,-0.56012
-0.025188,0.18408,-0.58469,0.30434,0.20869,-0.30816,0.36454,1.1549,0.17738,0.3402,1.1799,1.0398,0.51063,-1.0097,-0.19883,-0.66904,-1.0944,-0.22387,0.87066,-0.23968,0.055747,0.10523,-0.38618,-0.040124,-0.11301,-0.32535,-0.19657,-0.077356,-0.070456,0.6642,-0.59221,-1.9605,0.040898,-0.057445,-0.44046,-0.72171
2.5337,0.4545,-0.63463,-1.5696,1.0209,-0.18532,-1.3419,-2.6595,-0.37102,-0.24892,-0.95059,-2.461,0.48395,0.20253,1.363,0.8695,1.3172,1.4413,2.1972,0.048885,1.5884,0.72798,-1.34,-1.1935,0.43607,1.6211,1.4348,1.5389,2.1038,1.0103,0.26091,0.77395,3.8634,0.50811,0.79541,0.3197
1.5478,0.096715,-1.1278,-0.29356,1.427,-0.80111,-0.11098,-0.95881,-0.056249,-0.25635,0.57716,0.30573,1.3913,-0.77073,1.2125,-0.083664,0.64134,0.37737,1.3218,-0.76983,1.3518,0.79133,0.88211,0.040618,0.30197,0.60362,1.9749,2.1776,1.7561,0.32205,-1.0001,-0.84218,3.0714,-0.13046,0.30023,-1.101
-1.1051,0.13923,0.41488,0.31404,-2.2302,0.6417,-0.34281,-0.80384,0.45048,1.2429,-0.1902,-0.44633,0.78753,2.2336,0.41275,2.2955,-1.0861,2.0284,0.15145,0.80646,-1.4979,-0.0069791,-0.7893,-0.215,-0.095108,0.84998,-0.8309,-0.48884,-1.743,1.5554,0.073128,0.31691,-1.3895,1.4831,1.0634,1.7189
-0.29594,0.0047163,-0.15232,0.18473,-0.30497,0.20259,-0.21185,0.18663,0.22542,-0.0042291,-0.073355,-0.44481,-0.74215,0.050685,-0.41524,-0.5016,0.011623,0.2703,-0.25184,0.13827,-0.44043,0.34853,0.15394,-0.13531,0.015982,0.083289,-0.17948,-0.15106,-0.24913,0.13937,0.51811,-0.59027,-0.86153,0.11938,-0.37086,-0.25616
1.5091,2.2642,-2.9214,-1.3605,1.447,0.18061,-0.078463,0.0604,0.87154,-0.22737,1.7316,-0.23138,1.4314,-0.11307,0.78227,-0.54492,0.70135,3.1927,2.2422,0.5274,0.87093,1.7519,1.6065,-0.59107,0.2312,0.51599,1.533,1.6036,0.11765,2.2163,0.29497,-3.8801,1.3229,0.95298,-1.0069,-2.0133
