0.52778,-0.18899,0.92963,0.16809,0.11923,-0.47446,0.020411,-0.36859,0.89979,-0.033971,-0.82278,-0.55368,1.0598,0.83115,1.2046,0.25086,0.54854,0.09948,-1.0577,-0.76189,0.12201,0.23083,-0.18749,-0.37763,1.0757,1.8351,0.90835,0.71504,1.1928,-0.062141,-0.90538,0.50408,0.76562,0.7107,0.49445,0.62858
0.38642,0.15491,0.1511,-0.60043,0.44621,0.0001849,-0.31168,0.18457,-0.96904,0.19235,-0.33806,1.1032,0.20535,-0.032799,-0.33593,-0.43644,0.21241,-1.209,-0.027047,0.15329,-0.42917,-1.2665,-1.7276,0.41832,0.38907,-1.101,-0.6816,-0.80139,-0.57165,-0.94599,0.11247,-0.16493,-0.72956,-1.1237,-0.4547,-0.37347
-0.19298,0.030256,-1.0114,-0.066331,0.92695,0.29313,-0.020296,0.10253,0.61552,-0.37797,0.13023,-0.82593,-1.0875,-1.3857,-1.045,-0.73712,0.0079266,0.36042,0.78197,0.099212,0.55582,0.66791,2.0044,-0.16103,-0.78402,-0.43789,0.0321,-0.33451,0.46223,0.57341,0.8254,-0.79748,0.89537,0.21492,-0.36766,-0.88911
0.32649,1.7302,0.48069,1.4431,-0.61438,0.5707,-1.782,0.77868,-0.26979,1.3936,0.98408,-1.7247,-0.089453,0.92082,0.72562,-0.54201,-0.59328,1.1748,-0.47194,-0.22526,-0.62585,1.0269,-1.8827,-2.4677,0.0066185,0.71192,0.9228,-0.33481,-2.0787,0.88357,0.3439,-1.9245,-1.8702,-0.1567,-2.0211,-1.2431
0.74878,-0.93425,1.3783,0.91701,-0.20164,-1.1425,-0.22434,-0.11363,0.93935,0.11798,-0.53043,-0.79171,1.3675,0.82108,2.0413,0.75927,0.65644,0.10825,-1.2882,-1.4127,0.50287,0.4588,-0.77894,-0.98729,1.108,2.2488,1.5168,1.2407,1.2768,-0.25869,-1.6984,-0.037968,1.095,1.042,0.61484,0.077223
0.98028,0.63675,0.098119,0.32723,0.92978,0.11619,-1.516,-0.20059,0.9855,0.23423,-0.79588,-2.1585,-0.81589,-0.58351,0.20227,-0.85594,0.88056,0.32143,-0.49939,-0.81949,1.1176,0.83918,-0.30408,-1.7791,-0.51793,0.68409,0.36802,-0.050599,0.53729,0.64621,0.8249,-0.48911,1.3396,0.89685,-0.393,-0.65608
-0.10666,-0.29989,-0.14254,-0.045182,-0.33193,0.051913,-0.096965,-0.62149,0.45675,-0.19589,-0.52498,-0.59186,-0.83142,-0.12478,-0.1633,0.30167,0.51882,0.27711,-0.23426,-0.061579,0.61417,0.42423,0.62112,0.039931,-0.64665,0.051415,-0.41701,0.49411,0.40155,0.41915,0.66602,1.1461,0.63873,0.75902,0.90605,0.8535
0.37934,0.50032,0.26537,-0.28703,0.31732,0.092786,-0.38921,0.55469,-0.56115,0.51877,0.33074,0.5169,0.79143,0.039558,0.28179,-0.35234,-0.30506,-0.63509,0.26672,0.10012,-0.062902,-0.73109,-1.8043,-0.29777,0.30004,-0.46463,-0.28039,-0.86998,-0.40614,-0.26831,-0.33655,-0.55233,-0.095584,-0.55109,-0.59589,-0.5202
-0.2296,0.019648,0.31402,0.037795,-0.15241,-0.25119,1.3433,0.42474,-0.11891,-0.4353,1.4341,1.0141,1.7765,0.59675,0.79189,0.44154,-1.4742,0.41804,0.88304,0.31477,-0.72576,0.028234,0.45538,0.57669,0.49265,0.50492,0.73077,0.42614,0.31813,0.2052,-1.3309,-0.11855,0.20539,-0.13878,-0.33487,-0.051192
0.054928,0.35211,0.44937,1.1286,-1.8845,0.30329,-1.8746,-0.17629,-0.69442,1.1457,0.41669,-1.3344,-1.4328,0.57421,0.52322,0.63502,0.27267,0.70933,-0.48975,-0.11948,0.57391,0.60959,-2.5496,-1.724,-1.5242,-0.55841,-0.75854,0.3692,-1.9862,0.75946,1.2155,0.59225,-1.0924,0.52347,0.18409,0.45539
-0.67984,0.20149,0.56318,0.66354,-1.5505,0.11828,0.44962,0.057711,-0.22682,0.42853,0.94785,0.21929,0.83126,1.5021,0.89015,0.95582,-0.85167,0.98358,-0.24821,0.40755,-0.86376,0.40589,-0.33509,-0.03038,0.37081,0.89237,0.39755,0.65052,-0.79827,0.51034,-0.63261,0.55331,-1.2964,0.16842,0.14557,1.0176
-0.37251,-0.78858,-0.5401,-0.26498,0.63526,-0.32723,1.0269,0.25088,0.1067,-0.62956,0.12402,0.80686,0.18158,-0.79117,-0.53898,-0.038649,-0.15344,-0.35254,0.53775,0.072377,-0.11187,-0.21435,1.6894,0.98601,0.30578,-0.28096,0.30098,-0.081383,0.70169,-0.51799,-0.59379,-0.62196,0.3788,-0.33299,0.08259,-0.59526
0.10747,-0.64324,-0.25672,-1.0044,1.2561,-0.4785,1.0119,0.63825,-0.96381,-0.5455,0.028426,2.3174,0.98672,-0.82636,-0.56263,-0.34086,-0.19849,-1.7567,0.67985,0.22777,-0.50882,-1.7232,-0.21552,1.61,0.83609,-1.4056,-0.23019,-0.93543,0.295,-1.6728,-1.0524,-0.90146,-0.043292,-1.5135,-0.36041,-1.0761
-0.80153,0.098481,-0.1403,0.8801,-0.52174,-0.074476,0.65965,1.1916,-0.70578,0.35893,1.8862,0.84228,0.93531,0.3582,0.19969,0.23166,-1.4714,0.51551,0.65673,0.43472,-1.3545,0.16929,0.42758,0.11212,0.60235,-0.0038154,1.0108,-0.19801,-1.2036,-0.084132,-1.1303,-2.0496,-1.8653,-1.0102,-1.3673,-1.3379
0.95263,-0.46681,0.38149,-0.67369,1.2763,-0.53797,-0.49156,-0.16268,-0.23731,-0.14695,-1.6834,0.64506,0.12329,-0.30873,-0.16778,-0.58297,1.3199,-1.6623,-0.89719,-0.69795,0.05318,-1.2434,-1.2616,0.25765,1.1027,-0.20961,-0.16759,-0.53381,0.70408,-1.4917,-0.27897,-0.28173,0.22908,-0.71318,-0.017337,-0.53732
-0.81858,-1.4669,0.52332,1.2,-1.7347,-0.87222,0.73232,0.31155,-0.33999,0.1441,0.95836,0.70726,0.63123,0.87657,0.94319,1.514,-0.41946,0.42343,-0.32156,-0.23302,-0.63343,0.24948,0.22002,0.40733,0.52117,0.79207,0.85528,1.1336,-0.3884,-0.37034,-1.4543,-0.3473,-1.246,-0.073954,0.52328,0.14033
0.018969,1.0666,1.3533,0.70979,-1.8557,0.37406,-0.60582,-0.70345,-0.33019,0.70611,-0.12422,-0.43932,0.48187,2.7242,1.1862,0.71656,-0.16471,1.0102,-1.4566,0.11197,-1.3587,0.38202,-1.918,-0.68853,0.71537,1.3921,0.22366,1.0102,-1.3274,0.52759,0.23283,1.5228,-2.2887,0.082952,-0.079192,1.7912
1.174,1.4819,1.1062,-0.33198,0.74457,0.24728,-0.62565,-0.23041,0.91433,0.38354,-0.76069,-1.0568,1.6033,1.1194,1.401,-0.57411,0.13993,0.18472,-0.82582,-0.52667,0.2183,0.1401,-1.5713,-1.2291,1.0184,1.7964,0.62473,-0.10002,0.89537,0.50086,-0.46007,0.56504,1.1713,0.8006,-0.28566,0.62643
1.3333,-0.20282,-0.18628,-1.6528,2.1885,-0.20128,-0.77532,-0.3949,-0.31187,-0.40177,-2.056,0.73233,-0.5784,-1.458,-0.92302,-1.1463,1.6392,-2.4023,-0.23374,-0.37159,1.0452,-1.7946,-1.5292,0.60446,-0.047809,-1.6691,-1.3947,-1.2292,1.0696,-1.4406,0.74527,0.49343,1.6256,-0.58471,0.33255,-0.47661
0.38227,0.19478,0.37664,-0.21495,0.62938,-0.10552,0.033777,-0.215,0.38151,-0.10655,-1.0185,-0.020625,0.485,0.47957,0.13747,-0.37622,0.5605,-0.29223,-0.90286,-0.3601,-0.52233,-0.21363,0.11592,0.096337,1.2056,0.88146,0.55985,0.045466,0.52209,-0.4983,-0.31947,-0.077357,-0.27316,-0.19344,-0.2281,0.069627
0.33738,-0.13316,-0.80577,-0.92165,1.4675,0.10187,-0.1813,-0.24223,-0.11457,-0.53855,-1.1106,0.41237,-1.1506,-1.3159,-1.4311,-0.91624,0.86905,-1.1534,0.1275,0.046301,0.30076,-0.68837,0.68001,0.73846,-0.25628,-1.3945,-0.81372,-0.75973,0.48233,-0.70534,0.98172,-0.14395,0.46682,-0.5834,-0.11619,-0.6856
-0.72737,-0.40166,-0.17065,0.48361,-1.5429,0.22085,-0.19756,-0.66386,-0.010712,0.14995,0.017966,-0.53869,-1.349,0.34756,-0.19834,0.88539,0.25409,0.7983,-0.28972,0.27844,0.22739,0.68473,0.46054,0.038216,-1.0392,-0.13493,-0.66793,0.77903,-0.58109,0.67239,0.98066,1.3893,-0.60309,0.65692,1.0517,1.3038
0.29534,0.74235,0.091296,-0.048128,0.22823,0.44295,-0.59256,-0.48807,0.69282,0.167,-0.85966,-1.1359,-0.415,0.33092,-0.058578,-0.47276,0.53315,0.44545,-0.66865,-0.15517,0.11999,0.5249,0.15658,-0.64134,0.14291,0.78595,0.046263,0.026272,0.25576,0.57111,0.71837,0.47575,0.15745,0.56219,-0.074368,0.54049
-1.2046,-0.23984,-0.56303,0.62166,-1.6604,0.37114,0.70662,-0.6205,0.17841,-0.37714,0.82193,-0.51702,-1.2655,0.41832,-0.49121,0.89373,-0.62655,1.6761,0.42718,0.66601,-0.27486,1.3002,2.1483,0.38801,-1.1712,0.10971,-0.17876,1.1542,-0.60004,1.2228,0.89973,1.1982,-0.72739,0.68861,0.70586,1.2582
0.3455,0.54145,0.41946,-0.060718,0.08346,0.10083,-0.2754,-0.069786,-0.64756,0.051575,-0.13737,0.38629,0.19027,0.69285,-0.042904,-0.39336,-0.065424,-0.23102,-0.30551,0.040245,-1.0528,-0.44156,-1.0567,-0.028132,0.57275,-0.12261,0.054546,-0.056449,-0.73603,-0.38061,0.23034,-0.10965,-1.3202,-0.90611,-0.88459,-0.1655
0.17748,0.35611,1.2288,1.0313,-2.1749,0.042056,-1.337,-0.48967,-0.50595,1.0339,0.10301,-0.89263,-0.22997,1.8312,1.3568,1.035,0.2058,0.76639,-1.1412,-0.24263,-0.072349,0.40319,-2.887,-1.362,-0.41005,0.68191,-0.28194,0.91251,-1.4656,0.5643,0.40052,1.3428,-1.3082,0.57384,0.48815,1.3875
-0.27653,0.060203,-0.35704,-0.71894,0.47916,0.18267,0.96112,-0.15956,0.039697,-0.54921,-0.18333,0.7935,0.28681,-0.088976,-0.59588,-0.21825,-0.23797,-0.17229,0.33432,0.43388,-0.46311,-0.34026,1.1834,1.1019,0.39892,-0.16693,-0.15512,-0.17716,0.47704,-0.2086,-0.039299,0.38733,0.031416,-0.34374,0.079344,0.35133
-0.5436,-0.95773,-0.45473,-0.037565,-0.632,-0.20491,0.30708,-0.20068,-0.28621,-0.22849,0.11532,0.5055,-0.87699,-0.52737,-0.47889,0.64681,0.18673,-0.20503,0.31077,0.24552,0.41048,-0.13358,0.58877,0.77205,-0.83047,-0.87066,-0.73763,0.23573,0.0079035,-0.13963,0.31113,0.6186,0.082612,0.080651,0.95375,0.38087
0.13525,-0.15738,-0.2125,0.13517,0.11193,0.021695,-0.78989,-0.27675,-0.14832,0.11453,-0.94227,-0.40308,-1.3228,-0.28069,-0.69653,-0.31436,0.95571,-0.32099,-0.69417,-0.26735,-0.062625,-0.052206,-0.070589,-0.17535,-0.069867,-0.39511,-0.27934,-0.094925,-0.40676,-0.38888,0.86111,-0.25719,-0.80828,-0.31864,-0.14982,-0.30624
-0.37867,0.012223,-0.2882,-0.69306,0.66639,0.022594,1.7524,0.10277,0.99062,-0.74195,0.47447,0.51439,1.532,-0.14916,0.22094,0.056378,-0.90231,0.38671,0.85962,0.34188,0.071608,0.25044,2.2547,0.99619,0.57494,0.96856,0.57061,0.058614,1.7204,0.46776,-1.0832,0.30484,1.6603,0.5657,0.44365,0.50945
