-3.3988,-1.9453,-1.9102,-0.49172,-1.5783,0.80936,1.4066,1.3086,-3.1768,2.345,-1.6198,0.15565,-2.8653,-1.6053,-4.6084,-1.6684,-0.60261,-2.0607,0.6966,1.1394,0.20102,-0.27555,0.90662,1.261,0.9706,0.56714,-4.4704,-3.3287,-0.37163,-2.0223,1.3855,-0.50329,-2.6351,-2.2113,-0.34036,0.81822
-0.72909,1.2781,-2.2799,-1.2713,-3.2433,1.5633,1.8324,-1.7939,-1.0112,-0.25856,2.0478,3.9603,1.8889,3.1172,1.2326,3.5755,-2.5262,2.4184,1.1714,1.9798,-1.9398,1.0672,-0.18904,0.83016,-3.1315,0.51923,1.0332,1.6819,-3.1938,2.0962,0.43158,2.1406,-2.4068,1.3027,2.1394,3.3587
-0.51075,-3.6954,-1.788,-1.8382,-0.65943,0.21827,2.065,-0.7992,-0.82037,1.3775,-2.4096,1.3157,-1.0328,-3.6978,-1.1222,0.54931,-0.26875,-3.5075,1.48,1.2156,2.6061,-0.64455,1.0046,0.88493,1.1016,2.4931,-3.3365,-1.665,2.5008,-0.50779,-0.15598,0.7535,1.031,-0.92863,1.0034,-1.2626
-0.39377,2.111,-1.764,-2.3584,-0.49499,1.8797,1.2677,-0.20351,-0.07223,0.28708,1.0212,1.3415,-0.79864,0.89448,-1.1046,0.12254,-1.0078,1.7243,1.4863,0.58434,-0.82397,1.2996,1.6149,0.32558,-0.7149,-0.5885,0.99723,1.0659,-2.341,0.93565,1.2406,-0.29045,-0.92819,0.27914,-0.13866,0.94642
0.79108,-0.76288,1.0864,0.97397,1.2387,-1.1147,-0.30696,1.1309,0.065468,-0.78595,-0.13271,-0.61778,0.64699,-0.98088,0.18137,-0.62981,0.13281,-1.0613,0.24636,-0.89379,-0.55872,-1.6945,-0.26709,-0.006879,1.622,-1.5586,0.056918,-0.41911,0.9766,-1.3304,-1.4778,-0.38874,0.70453,-1.3001,0.24604,-0.37857
2.4498,-3.3721,2.0457,-0.14426,1.2779,-0.96938,1.2603,1.3567,1.5671,-1.0322,-0.43594,1.4889,2.3066,-4.1985,1.5114,0.55205,-1.0725,-3.4127,1.8929,-1.747,0.56536,-3.473,-0.61702,0.29769,2.705,-2.2399,0.88672,0.33565,2.475,-1.5532,-3.6537,-0.38551,3.3667,-1.5426,2.7551,-0.96165
-1.2974,-0.36638,1.7702,3.3373,-0.28874,-1.0279,-1.8941,-0.50455,-1.1149,-0.089368,0.03244,-2.3897,-0.079385,2.0889,-0.11436,-1.0771,1.1051,0.54582,-3.2001,-0.042899,-0.77038,0.60892,-1.7074,-0.49954,-0.063114,1.8129,-1.1343,-1.24,0.68694,0.078914,0.73379,0.68678,-1.8816,0.92764,-0.94757,0.4123
2.2072,0.63824,-1.2595,-1.1004,2.6102,-0.78365,0.29218,-1.861,0.64805,-1.895,-0.0023336,-0.47955,0.37808,-0.20004,1.6068,0.52817,0.77236,0.14836,1.1782,0.71153,0.062675,-0.33318,1.8873,0.058206,1.6264,1.394,0.64498,1.0365,1.79,0.75177,-0.62974,1.3886,1.3833,-0.56473,-0.51197,-1.2605
-0.69602,0.58253,1.3213,-1.1216,-2.6916,2.5168,0.38183,0.45844,1.8962,1.8767,0.51022,1.5958,0.53964,0.45942,0.2136,0.36926,-0.90415,0.95571,-1.0063,-0.97203,0.93702,1.9612,-1.5517,-0.66694,-2.6719,-0.24778,1.686,1.0468,-2.1436,1.7734,1.0646,-1.3543,0.2463,3.1746,1.0292,0.65533
2.2754,1.7139,1.4765,0.569,1.4291,-0.64144,-1.2561,-0.89225,1.7535,-1.8222,1.2508,-0.50958,1.8888,1.5257,2.7482,0.84016,0.36719,1.5032,-0.72166,-0.91712,-0.54616,0.035502,-0.6112,-0.62037,-0.60979,-0.78853,2.8171,2.0642,0.05742,1.013,-0.80761,0.5706,1.4202,1.1604,0.42813,0.0038353
0.026593,-0.85229,0.197,0.44505,0.96938,-0.82965,0.32038,1.5128,-0.94679,-0.62814,0.18653,0.060707,-0.32585,-1.4607,-1.1385,-0.78055,-0.62791,-1.0644,1.4552,-0.4378,-0.99465,-2.1506,0.49606,0.74636,1.8964,-2.2227,-0.22449,-0.57346,0.19044,-2.0059,-1.201,-0.56343,-0.050197,-2.5781,0.32136,0.26687
-1.7375,-1.4229,-1.3119,-0.96258,-0.74636,0.57663,0.63166,0.50268,-1.0476,2.0534,-1.9727,-0.27506,-2.3129,-1.9663,-2.4107,-0.99556,0.44704,-1.794,0.18233,0.68251,1.8025,0.36081,0.72365,0.40214,0.26992,1.2842,-2.9144,-2.0354,0.69622,-0.88907,1.1589,-0.77437,-0.29708,-0.71623,-0.7758,-0.88571
