0.1091,-0.61457,0.41593,-0.32628,0.8752,-0.11135,0.64996,0.085184,-0.20019,0.043427,-0.37199,0.53104,0.38884,-0.41809,0.37627,-0.22848,0.10459,-1.4407,-0.19906,-0.25783,0.29174,-1.0736,-0.18369,0.45098,0.50635,-0.28257,0.35468,0.40376,0.7137,-0.93644,-0.033194,0.56594,0.31718,-0.51106,0.58075,-0.6179
-1.1083,1.491,0.49256,1.7528,-3.1546,0.6705,-1.8062,-0.75515,0.1537,-0.0082229,-1.203,-2.8249,-1.2929,1.6838,-0.36421,1.4882,-0.44203,2.4952,-1.7344,-0.42392,-0.66085,1.3557,-1.8784,-2.065,-2.8345,0.051536,-1.0298,0.78906,-2.9064,1.4461,0.99058,0.86398,-2.1138,1.5896,-0.34977,3.2491
-0.30553,0.20402,0.33486,0.55013,-0.60484,0.17503,-0.58856,-0.28064,-0.039271,0.15654,-0.9519,-1.1168,-0.20809,0.57074,0.26037,0.40195,-0.081536,-0.010076,-1.1842,-0.62764,0.25142,-0.16208,-1.1965,-0.70542,-1.1862,-0.027639,0.060556,0.55479,-0.81454,-0.12661,0.28325,0.56227,-0.59297,0.44038,0.068164,0.93652
-1.4507,0.82501,0.75346,0.61459,-2.8607,1.3838,-0.37716,-0.17094,-1.0674,-0.51107,-1.9035,-1.4099,-1.9421,1.1265,-1.0558,0.88909,-0.28048,0.61835,-1.0913,-0.020749,-1.1378,-0.67559,-1.5481,-1.3341,-2.3495,-1.2044,-2.1388,0.89545,-2.0865,0.019218,1.4118,2.1525,-2.1067,0.0050925,0.88119,2.6861
0.0035013,1.2067,0.011094,0.32618,-1.32,0.37226,0.92289,0.46466,-1.2652,-0.25271,-0.71075,1.3062,0.2936,1.11,0.42314,1.3441,-0.13894,0.0019514,0.51991,0.65107,-0.6434,-0.57283,-0.33612,0.66399,-0.27839,-0.7875,-1.1069,-0.88456,-0.65743,-0.52083,-0.086552,0.057502,-0.61333,-0.93795,0.82979,1.2415
-0.2605,0.76549,2.7188,3.2026,-1.1901,-0.91142,-0.31051,-0.74167,0.94447,0.34412,0.55264,-1.0899,0.95186,1.4888,3.1819,2.8208,-0.43192,1.214,-1.6825,-0.09465,-0.071552,1.3505,-1.4398,-0.11945,-0.83769,1.4153,1.8222,1.5784,-1.4656,1.1815,0.50213,0.27249,-1.7752,1.3693,0.53964,2.3355
-0.058488,-0.74145,-2.1779,-1.5784,0.94248,0.37923,-0.31258,1.1674,-1.1566,-0.22942,-1.6374,-0.72504,-0.83901,-0.16158,-1.7876,-2.9147,0.54824,-1.4808,-0.51427,-1.2042,0.70004,-0.99531,0.16232,-0.97206,-0.22761,-1.0396,-1.0594,-1.929,0.41304,-1.621,-0.63519,-0.96095,1.0869,-1.2081,-1.2231,-1.7723
0.94153,-1.0252,-1.1045,-0.38119,2.5864,-0.92492,-1.4809,-0.027376,0.80237,0.8393,-0.99186,-1.3642,1.403,-0.44023,0.52025,-1.6653,0.33545,-1.743,-2.3179,-2.1483,1.8376,-0.67668,-1.2928,-0.83864,0.040707,0.72889,2.2737,0.2317,1.0297,-0.92106,-1.2219,-0.64284,1.5775,0.83702,-0.97686,-1.5114
0.62941,1.1214,-1.1361,-0.67966,-0.5449,0.37632,0.74317,0.39204,-0.96807,-0.031182,-0.35766,1.9926,0.71342,0.49434,-0.43269,0.71461,-0.08265,-0.11931,1.2801,0.89382,-0.43033,-0.73811,0.23768,1.1131,0.42725,-0.7583,-1.0618,-1.2455,0.15648,-0.44025,-0.56928,-0.22514,0.41349,-0.82897,0.57878,0.46607
-0.2812,0.095367,-0.42827,-0.68346,-0.74916,0.79738,-0.24949,-0.16971,-0.34504,-0.010491,-0.90938,0.057276,-0.56494,-0.33536,-1.268,0.0057539,-0.038651,-0.3514,0.14587,0.044778,-0.17584,-0.95734,-0.5163,-0.2443,-0.69467,-0.76714,-1.1209,0.32557,0.0044017,-0.2607,0.17715,1.1784,0.089061,0.016739,0.65416,0.62617
-0.32785,-0.61163,0.29478,-1.3154,0.0354,1.0296,-1.2028,-1.5719,0.96689,0.36182,-0.41949,-0.57156,-0.93053,-1.579,-1.9588,-0.060902,-0.01356,-0.31756,-0.23509,-0.096504,0.1522,-1.1205,-0.56217,-0.31882,-0.93584,-0.19101,-0.12865,2.722,0.78489,0.40813,0.85474,2.7857,0.37624,1.3006,1.1394,0.61138
0.54494,0.9635,0.39012,0.57986,-0.16917,-0.59508,0.040619,-0.73815,1.0684,0.10662,2.2268,0.6493,0.76474,0.29,0.6989,1.326,-0.29085,2.398,1.2348,1.2564,-0.62325,2.1174,1.1665,0.80772,1.021,1.1153,0.88859,0.25182,-0.39165,1.8788,0.18276,-0.86804,-0.32889,0.91758,-0.60223,0.40195
-0.084132,-0.46586,-0.56368,0.69038,0.4239,-0.37193,-1.7516,0.10141,0.37834,0.53726,-1.6176,-2.588,0.18699,0.43895,0.34064,-0.94395,0.16585,-0.61439,-2.6194,-2.086,1.305,-0.023466,-1.8904,-1.81,-1.4801,0.41703,0.94165,-0.0029393,-0.52044,-0.47639,-0.64083,-0.40697,0.29546,0.96761,-0.98312,0.034016
-0.085721,-0.25342,0.3122,0.54144,0.33751,-0.48327,0.0092983,0.16616,0.29351,-0.048564,0.50733,-0.58242,-0.01938,0.14906,0.66341,-0.34034,0.10253,0.31127,-0.22285,-0.23159,0.23403,0.88405,0.39167,-0.18588,0.20783,0.51208,0.56855,-0.33313,-0.14719,0.20958,-0.025426,-0.91006,-0.11406,0.037333,-0.71106,-0.58043
