0.87165,-1.1062,-1.0897,-0.74546,-0.72856,-0.30685,-2.4855,-0.26087,-0.54561,0.28749,-1.7279,-2.2123,-0.52487,-1.1562,-1.9854,-1.6455,0.41482,-1.7837,-2.0136,-0.64539,1.3188,-1.1772,-2.4636,-1.2347,-0.81796,1.0384,-0.99021,-1.6031,-0.048859,-0.92836,-1.0054,-0.59443,-0.82685,-1.3278,-1.6715,-0.91747
0.30903,-0.24225,-0.82952,-0.91736,0.16333,0.24949,-1.749,-0.29806,-0.01872,0.53325,-1.2944,-1.4628,-0.41475,-0.73075,-0.82826,-0.98935,0.16787,-0.90176,-0.95202,-0.23414,0.32422,-0.51236,-0.86095,-0.93916,-0.17422,0.31148,-0.51602,-0.60885,0.1429,-0.25298,-0.27882,-0.1116,-0.47862,-0.30892,-0.53334,-0.46701
-1.0493,-0.46993,1.0369,1.9269,-2.183,-0.14162,0.88234,-0.67988,-0.043913,0.51538,1.0258,0.059268,0.37539,1.873,0.86735,0.90817,0.09239,1.6277,0.055063,0.17075,0.62209,1.6733,-0.2706,0.26447,-0.65069,1.0835,0.11375,0.50551,-0.70292,0.86289,1.09,0.28182,-0.026196,0.4416,-0.018872,0.16502
2.331,0.21036,-0.4915,-1.3458,3.664,-0.9242,0.13698,1.6521,0.5301,-1.6637,-0.24528,1.3671,-0.36318,-3.2899,-0.56462,-0.28078,-0.33933,-2.7802,0.57215,-0.43539,-0.51617,-2.85,0.37878,0.93907,1.5005,-1.7551,1.0888,0.093481,1.7713,-1.7024,-2.5373,-0.48793,1.3006,-1.2176,0.20043,0.090656
-1.39,-1.314,0.55287,0.21845,-1.4409,-0.34694,-2.8971,-2.4765,1.3181,1.7331,-2.3787,-3.2222,1.0562,1.1917,2.6556,1.5003,0.85061,-0.024431,-1.5647,1.2079,-0.3072,0.55852,-0.36389,-0.11911,0.40206,1.1539,0.814,1.3458,2.1377,1.5687,0.37116,2.7298,1.0339,0.29281,1.7881,1.3951
1.0682,0.22373,0.38552,0.53873,0.57594,-0.69096,2.2956,1.432,-0.4893,-1.6028,2.172,2.5403,0.3062,-0.58659,-0.83352,0.07491,-0.51541,0.061837,1.269,-0.34996,-0.11627,-0.75254,0.078713,1.0504,0.68417,-0.35442,0.43667,-0.16434,-0.30919,-0.54758,-0.94516,-1.2123,0.34339,-0.63227,-0.68163,-0.086632
-0.23934,0.54169,-0.20473,-0.4921,1.0927,0.37615,-0.29945,0.0019358,0.25558,0.27028,-1.0354,-0.1415,-0.72758,-0.35408,0.70231,0.2465,0.010092,-0.58497,-0.18666,0.014682,-0.2044,0.080568,0.9931,-0.0072361,-0.70104,-1.1271,-0.1381,0.16893,0.044064,-0.50543,0.43839,0.59547,0.039336,0.57817,0.78101,0.073288
1.3627,-0.044904,-0.91244,-0.46074,0.64073,0.24895,-2.0016,-0.55336,1.2021,1.0387,-0.40566,-2.4792,0.50833,-0.59443,-1.516,-2.0078,0.59723,0.4956,1.1533,-0.089557,1.562,0.05541,-1.6894,-1.6871,1.9829,2.2621,1.1106,0.64995,1.2157,1.0101,-1.1191,-1.1216,0.95693,-0.55843,-1.2868,-1.4746
-0.20443,0.45257,-0.22154,-1.3969,0.66238,0.33089,-1.2116,-1.0925,0.91681,0.60153,-0.54728,-0.79961,1.0622,0.33882,1.1673,0.2968,0.017106,0.50101,0.78435,1.0787,-1.0243,0.074303,0.6563,0.1374,1.5741,0.18285,0.8552,1.3105,1.3865,1.3644,0.26457,1.3205,0.88954,0.65812,1.074,0.87138
-0.23062,0.022738,-0.14135,0.04328,-0.42744,0.28304,-0.80222,-0.59054,0.25237,0.61983,-0.29341,-0.97318,-0.073651,0.50844,-0.091964,-0.51321,0.22398,0.56749,-0.016603,0.1073,0.31381,0.70772,-0.19158,-0.57906,0.039153,0.77056,-0.015924,0.19854,0.066436,0.59098,0.51442,0.017285,-0.086631,0.17098,-0.26889,-0.3441
0.53894,-0.55151,0.63893,0.035036,0.66649,-1.1743,1.0343,0.76613,-0.12316,-1.5008,0.52747,1.6323,0.60235,-0.93389,0.70576,1.2435,-0.26242,-1.2082,-0.12683,0.22343,-1.1881,-1.6248,0.43394,1.613,0.71072,-0.99723,0.57707,0.069212,1.0445,-0.56758,-1.2842,0.42764,0.75187,-0.7955,0.75925,1.1455
-0.85345,0.66561,-0.1159,-0.29907,-0.27193,0.54588,0.69694,0.21647,-0.82785,-0.19958,-0.21237,0.71704,-0.67017,0.64676,0.07315,0.11333,-0.18518,0.2647,-0.40577,-0.062617,-0.60778,0.58336,1.1161,0.027639,-1.5957,-1.0876,-1.2081,-0.79885,-1.2798,-0.44089,1.1904,0.17571,-1.0869,0.65524,0.23746,0.065609
-0.60218,-0.26519,-0.47923,-0.81457,-2.039,0.45915,-1.1363,-0.97702,-0.69233,0.55088,-0.16351,-1.0528,0.68586,1.1243,-0.55501,-0.58682,-0.16245,0.79053,-0.40122,0.5034,-0.26392,0.5218,-1.013,-0.67568,-0.31517,1.1797,-1.0838,-0.69562,-0.66865,1.1741,0.97716,0.18401,-0.98041,0.30063,-0.7326,0.01903
0.38866,0.50752,-1.6161,-2.8443,0.59947,1.0647,-2.541,-0.79019,0.032314,0.75602,-1.2793,-1.7901,0.31811,-0.52681,-1.1957,-1.7402,-0.075609,-0.17282,0.078905,0.46192,-0.62879,-0.52599,-0.56401,-1.3573,1.0938,0.48303,-0.61909,-0.3254,0.38063,0.85447,0.20344,0.06125,-0.60246,0.30227,-0.54886,-0.31237
-1.0436,-0.85989,1.4881,2.0801,-0.83625,-0.7936,0.38527,-0.7662,0.84399,0.36766,-0.15713,-0.32195,0.34778,1.1148,2.3326,1.9692,0.59578,0.50121,-0.57436,0.42628,-0.011404,0.87518,0.6072,0.93718,-0.069537,0.25083,1.1136,1.3139,1.0525,0.46801,0.15718,1.4509,1.0894,0.10724,1.4517,1.0236
-0.17706,-0.65078,-0.25636,-0.84748,0.1711,-0.1842,-2.302,-1.0338,0.58366,0.67015,-2.088,-1.8549,0.0072663,-0.49228,0.96054,0.29465,0.31664,-1.3272,-1.3083,0.42949,-0.21872,-0.56633,-0.27558,-0.17726,-0.054046,-0.062351,0.086501,0.22964,1.3287,0.087319,-0.16471,1.4384,0.38334,-0.11463,0.78634,0.57121
0.074023,-0.40162,0.22375,1.4514,-0.046732,-0.33248,-0.30383,0.054697,0.3702,0.48271,-0.81907,-0.98594,-0.96122,-0.16267,-0.054756,-0.0995,0.60041,-0.46282,-0.80349,-0.70687,1.625,0.45885,-0.5213,-0.49283,-1.1817,0.33212,0.16544,-0.10529,-0.10472,-0.88005,-0.33758,-0.26537,0.22594,-0.41825,-0.28708,-0.78161
-0.32743,0.28969,-1.3833,-1.6036,-1.0619,1.1062,-1.856,-0.66554,-0.93029,0.90376,-1.0873,-1.637,-0.50115,0.35448,-1.8008,-1.8478,0.05579,0.19583,-1.0882,-0.21269,0.41598,0.39633,-1.0943,-1.6267,-1.0438,0.71305,-1.7219,-1.3985,-1.4298,0.070411,0.99364,-0.4343,-1.8345,0.2184,-1.3608,-0.81016
0.55107,-0.9251,-1.2551,-1.1586,-0.76195,0.0083321,-2.2894,-0.063416,-1.0291,0.08865,-1.6724,-1.782,-0.74189,-1.08,-2.2278,-1.7691,0.26501,-1.7628,-2.3635,-0.71834,0.67476,-1.315,-2.122,-1.2321,-1.0593,0.57448,-1.5979,-2.0368,-0.56824,-1.1162,-0.70337,-0.61926,-1.5048,-1.2438,-1.6429,-0.70037
-0.73254,0.60244,1.0041,1.8644,0.60529,0.42862,0.69648,-0.63861,1.8769,1.3761,0.25789,-0.70767,0.088416,1.2167,2.1703,1.0908,0.46439,1.9338,1.8238,0.40297,0.66894,2.2426,1.4019,-0.20775,0.73689,0.44103,1.7562,2.3211,0.83609,1.3654,0.79818,0.57362,1.6318,1.4021,1.4201,-0.24562
